Lazo	599	462	492
Engemann	663	379	798
Vinson	450	592	667
Banas	794	769	350
Miller	608	592	504
Beamer	759	675	576
Oviedo	675	318	443
Wakeman	656	405	569
Pope	442	312	786
Contreras	339	412	674
Shataka	615	677	519
Alvarez	651	637	585
Reyes	645	421	354
Huffman	404	371	352
Lopez	401	355	666
Deck	412	354	408
Park	338	594	521
DAdduzio	326	382	440
Fritscher	315	396	582
Sitton	362	541	404
Alaev	319	782	419
Breazeale	498	438	348
Solis	492	684	515
Cecil	411	300	638
Bruner	672	680	439
Turpen	594	357	709
Gray	751	599	382
Scott	646	416	462
Howard	530	746	462
Sherwood	646	317	409
Dutra	751	515	774
Guillen	310	730	580
Carter	714	638	637
Bailes	524	727	546
Anspach	467	630	340
Jones	378	404	717
Ramirez	629	411	363
McBride	494	616	402
Bock	384	755	553
Oh	445	442	352
Aroutiunian	381	626	721
Ho	393	390	356
Hicks	511	728	622
Madrigal	499	414	556
Henson	443	715	754
Kiergan	732	601	594
Flores	312	730	766
Evers	318	341	441
Smith	549	393	536
Steinkirchner	450	798	756
Caldera	666	304	610
Charlton	517	635	469
Montoya	742	304	323
Martinez	371	539	428
Pena	463	498	775
Fish	761	429	361
Jackson	633	617	415
Choi	478	451	668
Rodriguez	628	654	431
Riley	505	661	605
Stuart	331	700	767
Meda	448	517	557
Dewall	645	524	736
Salas	523	456	437
Lin	449	518	401
Halim	781	592	467
Schmid	509	367	731
Crawford	477	643	440
Harvey	735	670	686
Gomez	756	451	446
Garcia	785	698	372
Acosta	734	340	674
Cortez	405	703	372
Mulligan	698	389	737
Rosenthal	642	447	380
Marley	624	717	705
Rea	395	408	594
Abbasi	476	523	375
Nieto	712	500	675
Moreno	699	703	538
Thompson	364	477	678
Terres	778	616	399
Luna	408	617	324
Vance	773	731	628
Clevenger	497	519	641
Koller	559	513	786
Kwon	700	417	584
Salinas	684	620	584
Lantz	549	701	381
Newbold	328	456	363
Berkes	530	626	349
King	403	714	734
Soto	306	573	566
Johannsen	303	599	671
Lee	586	649	642
Price	689	757	375
Phillips	559	389	721
Davidson	309	342	791
Hansen	675	673	519
